$ 1 0.000005 10.20027730826997 50 5 50 5e-11
L 272 288 144 288 2 0 false 5 0
L 256 416 144 416 2 0 false 5 0
L 256 608 144 608 2 0 false 5 0
L 288 736 144 736 2 0 false 5 0
I 272 288 416 288 0 0.5 5
I 256 416 432 416 0 0.5 5
I 256 608 448 608 0 0.5 5
I 288 736 416 736 0 0.5 5
150 640 576 784 576 0 4 0 5
150 640 752 784 752 0 4 0 5
150 640 272 784 272 0 4 5 5
150 640 416 784 416 0 4 0 5
152 960 496 1088 496 0 4 5 5
w 640 240 416 240 0
w 416 240 416 288 0
w 640 256 432 256 0
w 432 256 432 416 0
w 640 288 448 288 0
w 448 288 448 608 0
w 640 304 464 304 0
w 464 304 464 736 0
w 464 736 416 736 0
w 416 288 416 384 0
w 416 384 640 384 0
w 256 416 256 432 0
w 256 432 592 432 0
w 592 432 592 400 0
w 592 400 640 400 0
w 448 608 480 608 0
w 480 608 480 448 0
w 480 448 608 448 0
w 608 448 608 432 0
w 608 432 640 432 0
w 288 736 288 704 0
w 288 704 496 704 0
w 496 704 496 480 0
w 496 480 640 480 0
w 640 448 640 480 0
w 272 288 272 320 0
w 272 320 576 320 0
w 576 320 576 544 0
w 576 544 640 544 0
w 256 416 256 448 0
w 256 448 256 464 0
w 256 464 560 464 0
w 560 464 560 560 0
w 560 560 640 560 0
w 256 608 256 576 0
w 256 576 640 576 0
w 640 576 640 592 0
w 288 736 288 688 0
w 288 688 512 688 0
w 512 688 512 608 0
w 512 608 640 608 0
w 272 288 272 336 0
w 272 336 528 336 0
w 528 336 528 720 0
w 528 720 640 720 0
w 432 416 432 656 0
w 432 656 544 656 0
w 544 656 544 736 0
w 544 736 640 736 0
w 256 608 256 640 0
w 256 640 560 640 0
w 560 640 560 768 0
w 560 768 640 768 0
w 640 784 512 784 0
w 512 784 512 736 0
w 512 736 464 736 0
w 784 272 848 272 0
w 848 272 848 464 0
w 848 464 960 464 0
w 784 752 848 752 0
w 848 752 848 528 0
w 848 528 960 528 0
w 960 512 784 512 0
w 784 512 784 576 0
w 960 480 784 480 0
w 784 416 784 480 0
M 1088 496 1120 496 0 2.5
L 368 1296 128 1296 2 0 false 5 0
L 368 1136 128 1136 2 0 false 5 0
L 368 1488 128 1488 2 0 false 5 0
L 368 1664 128 1664 2 0 false 5 0
I 368 1136 528 1136 0 0.5 5
I 368 1296 528 1296 0 0.5 5
I 368 1488 528 1488 0 0.5 5
I 368 1664 528 1664 0 0.5 5
150 720 1168 864 1168 0 3 5 5
150 720 1376 864 1376 0 4 0 5
150 720 1600 864 1600 0 4 0 5
w 528 1136 720 1136 0
w 720 1136 720 1152 0
w 720 1168 544 1168 0
w 544 1168 544 1488 0
w 544 1488 528 1488 0
w 720 1184 576 1184 0
w 576 1184 576 1664 0
w 576 1664 528 1664 0
w 368 1136 368 1184 0
w 368 1184 368 1200 0
w 368 1200 608 1200 0
w 608 1200 608 1344 0
w 608 1344 720 1344 0
w 368 1296 368 1360 0
w 368 1360 720 1360 0
w 720 1392 368 1392 0
w 368 1392 368 1488 0
w 368 1664 368 1632 0
w 368 1632 592 1632 0
w 592 1632 592 1408 0
w 592 1408 720 1408 0
w 368 1136 368 1232 0
w 368 1232 656 1232 0
w 656 1232 656 1568 0
w 656 1568 720 1568 0
w 528 1296 528 1584 0
w 528 1584 720 1584 0
w 368 1488 368 1616 0
w 368 1616 720 1616 0
w 528 1664 624 1664 0
w 624 1664 624 1632 0
w 624 1632 720 1632 0
152 1008 1376 1168 1376 0 3 5 5
w 864 1168 1008 1360 0
w 864 1600 1008 1392 0
w 1008 1376 864 1376 0
M 1168 1376 1232 1376 0 2.5
